4465
2238
9722
2897
3062
1399
7651
8212
1815
138
7034
8897
3146
2483
7032
4575
3259
2063
8740
7927
2591
833
1193
6936
7239
1202
8217
3965
3911
1272
4274
1692
8744
5419
2753
3585
842
9284
9141
6154
3662
2054
2533
2996
163
7857
1924
1702
9151
6820
6723
8556
609
6740
264
3351
21
2331
654
5843
7351
3634
4973
25
7915
7953
3483
7286
9100
2710
7539
7852
2500
5461
8485
6663
6316
9536
2751
8627
7764
2615
9530
3228
3733
1169
5015
1301
8629
5307
6796
6093
3995
3120
1322
7567
9283
7194
3585
6554
2836
6568
9142
9841
1376
9408
2547
6195
9212
3511
3119
3340
6081
2847
8993
1869
5907
480
8399
123
3248
5003
1915
6468
9546
6346
2737
5959
3352
4284
7818
3155
7706
3151
6325
4256
7612
8431
3766
8798
9885
8719
1023
1131
3664
6405
9406
5321
3426
138
6679
7519
2797
8386
7140
5166
2061
3497
4714
2439
2130
3087
1710
8075
1717
6630
6472
6067
1726
8089
3654
3665
8949
3199
2228
2887
7735
7664
3691
1943
6011
5783
3896
5722
7702
9609
8830
2373
7484
6005
6062
1544
1896
9564
3878
8745
2462
5811
5815
3073
1279
4966
652
6437
2140
5168
3048
5096
2559
3097
9999
3775
198
2158
2936
2565
4353
7687
4737
1951
6879
6101
596
1715
9364
2395
6473
1813
957
2446
8363
5906
7031
9440
7359
4737
3084
7481
3106
7078
1135
1895
7875
2072
3179
6952
1697
7014
647
1589
2310
9750
893
4498
980
382
1052
4051
1967
3143
7802
4625
8667
798
1245
4604
3303
9868
7756
7635
5339
985
2433
7043
9326
4540
8962
2493
6923
2566
8752
4075
1460
8065
8064
1011
423
1651
3913
8028
6368
7815
8716
6145
128
1277
7691
5653
477
5120
4483
7766
458
9033
9691
2548
520
866
2210
2979
3132
5550
8500
7232
7955
5639
4814
5633
5444
4152
1938
8848
8773
7357
1773
9912
6689
7543
8871
496
2264
228
5018
2953
791
1806
4887
3443
1785
7186
5477
5557
8158
6197
2299
332
5564
8738
7152
7459
3107
4887
7857
9284
741
2513
8467
9006
7302
6020
6026
840
1744
6912
2393
7381
8138
5488
5963
5784
8682
8853
5361
9241
377
6498
8524
1976
9446
9001
6206
5762
1021
3687
7596
8675
9065
475
1575
8379
9767
2572
1900
9411
8926
572
8600
2641
5916
791
2367
3882
5394
433
1887
4920
7011
9583
8753
4556
1689
5588
3760
9990
105
3215
4124
1843
856
419
65
389
2429
4824
5204
9961
744
8592
9678
7734
5316
6796
589
5842
1338
175
199
6425
7526
8643
1600
416
1309
6875
8413
8694
7359
6201
9145
4636
9530
7969
5257
7575
9711
8766
1692
4500
3833
2036
9557
9067
6378
8181
2011
791
4552
8311
2256
9461
233
9702
1649
3994
2555
2150
9422
602
4792
6508
7563
2231
8823
7966
8054
1575
1045
3223
7546
4361
6214
6720
7283
2153
1383
2459
595
8882
8310
7058
3444
7139
6757
4384
4990
5221
5530
2685
5627
6316
6026
2528
1322
9756
7704
1696
7249
6974
9176
2620
5991
834
8377
2140
9793
5447
8690
4439
6267
8522
4508
2310
5961
9980
6497
4377
9214
2279
5571
1736
3756
6609
6928
3789
8333
6130
4836
2433
9523
4691
5695
1443
3451
1767
7737
9776
839
2047
5507
2831
7691
1912
3040
9181
5432
375
2165
2505
7880
2681
9404
9008
8425
6900
2207
9883
8014
9602
3043
2663
1138
1359
9970
9782
6158
3264
5870
4788
7596
6918
1283
8109
9501
2276
2428
1997
4297
893
9785
3352
3285
9426
6224
651
8298
4475
7121
466
8515
5603
9310
3020
3478
5481
1914
556
8007
756
1281
7089
6826
7974
1545
4648
3368
8325
888
1536
2883
8742
5926
8174
4765
3770
9380
2034
998
2334
7469
6330
6725
1662
316
7190
5817
202
1982
6748
9936
9627
4937
269
407
2231
5133
4119
4163
8099
794
7788
9408
3001
467
7219
2088
3531
6386
4974
5430
7046
2363
2796
1035
794
2437
4239
2545
8841
2246
9712
8847
9054
9198
7138
8108
4112
4200
1028
3799
5127
2524
5499
8902
5695
9368
7408
9293
4779
2753
6037
3922
891
4228
6318
1343
2576
6209
3518
4871
3823
9787
3631
8685
4773
8889
9718
9281
986
1441
8246
7388
6729
9541
7556
9822
7951
830
2955
9158
4610
7081
5473
1154
788
6031
3417
743
6536
9097
2523
195
516
2228
2753
1057
775
7457
9251
8398
3789
7328
8709
8778
5712
542
1599
7440
1074
7436
8141
8729
1145
3203
9977
4157
9994
4052
6214
9372
1529
8261
6270
5501
3391
3273
9694
149
3773
6350
3423
586
9168
3949
953
8856
4213
1150
1716
452
3775
1243
8383
8255
3527
4645
996
7853
244
5116
4123
566
203
5019
7919
7357
2632
7170
4366
7807
5342
8409
1908
3326
5643
5633
810
1711
9856
1149
1211
1601
6639
1457
9160
9488
4693
6330
3660
2280
5147
9358
4930
4701
7928
3157
8150
2986
4761
1480
7817
5689
9779
633
5289
915
1911
5555
5248
5704
1288
2788
9836
7057
7658
1224
3247
2915
299
2871
2312
7063
182
226
2018
2585
6629
5082
1323
1965
6471
7074
5623
8649
2403
5254
1670
6607
5772
204
1299
2393
949
6937
2095
5338
2231
3607
94
6066
8096
5814
512
2482
1006
1713
8834
2065
6493
8434
3782
4526
9101
2601
4496
3047
9559
5897
2835
2170
5201
8307
1596
378
6769
9702
636
7317
7630
3911
908
6899
5789
862
1036
8401
5147
1122
1660
6958
8726
2246
5551
4949
1393
19
1213
6749
1383
3112
9784
1102
2815
2976
6065
4229
3233
1347
8395
8985
1305
751
2496
4879
409
8952
340
5339
3076
6301
2375
5352
5560
781
8638
8170
9499
138
5380
3586
6266
7150
2733
5409
1406
5099
3003
16
3087
6295
6453
6992
5341
6055
36
3742
7245
6875
2400
633
4369
8411
2923
8535
3020
1392
1500
7012
8676
6006
2206
1661
3625
5184
5578
524
100
573
9075
7013
2867
1434
7872
2032
9237
2296
1535
3192
9841
2191
2104
7811
6012
9154
3616
2067
5386
4965
1807
1117
9892
2285
4196
5047
9435
1320
6967
9767
6508
2445
2703
4298
4597
580
7701
995
4359
8024
2297
4436
8300
5548
788
1681
5162
9085
4830
243
7961
1014
9216
3547
450
5881
524
2088
2393
6589
1996
3274
1804
7699
681
1384
6860
1710
1901
4815
9483
2338
3226
4651
5446
2827
7308
7707
854
993
2541
8864
7074
443
7064
4183
7831
5314
6592
1560
2218
6183
4977
9069
2877
3240
935
7590
6496
6959
6719
5084
3562
2107
3594
5285
3433
9603
4201
2009
9526
3752
21
4162
76
7690
5134
793
9690
6878
7239
2046
727
7759
3903
295
8486
5443
3155
2670
8602
3695
1010
1284
7420
3053
2738
6522
2666
2844
7681
4754
9490
5081
4446
7713
8112
7517
7961
9032
2788
7415
9064
5331
6919
5900
1516
7986
9264
6764
8164
7878
7602
679
9456
9710
6520
8671
2824
7282
9044
6447
1486
9535
2003
4940
7520
5989
5045
9916
6531
4141
4060
9845
9805
240
9123
6582
7010
7220
1554
5739
6850
5975
7871
9133
9344
4545
3734
8537
1621
5221
7788
6771
262
6760
193
2138
9316
2501
6836
4573
8275
9249
5083
4862
4493
3259
3923
8246
3255
2037
8037
8681
2932
3993
3114
8908
5481
5094
2112
7236
4194
6730
9613
1568
3411
261
1827
490
2736
2267
2165
2570
7073
7066
2073
9244
6528
3452
8926
3491
645
527
1568
5214
5732
9396
5290
5081
9125
8549
6572
967
9509
5242
9021
1055
1243
685
4850
5428
7982
3501
6271
4682
4324
3728
8653
310
9374
317
2765
7381
7715
8665
5180
5504
169
3919
7384
6894
747
1685
6674
8170
1064
1853
1540
6839
1592
6570
9077
161
9156
1460
7114
1382
9574
4957
3088
8693
2095
7620
2327
3605
520
7546
8241
5801
5691
804
635
514
7267
9168
9387
1670
7953
235
8187
2992
433
4338
1733
5672
4892
1832
1984
4533
4350
8823
1049
5567
9355
7866
3829
1082
8798
3387
294
2896
5650
9257
76
9038
4821
5244
6318
994
4874
4492
6538
515
1262
9998
217
4561
2188
112
6422
5695
2165
4056
5617
5423
346
2296
6207
2892
8732
292
3828
1357
695
9991
4531
5257
1529
7586
2021
5590
9353
231
5192
4567
1254
4678
8266
1669
878
4998
4231
8892
209
6198
1743
6058
8164
3651
2188
6275
1258
6413
7666
4601
7072
5222
8311
3355
6424
682
7381
1611
8984
7333
1006
7236
6803
162
5328
683
857
9456
5769
6773
427
4218
4556
282
434
3414
5524
936
3760
6093
8041
6587
3862
3133
9521
2748
3288
6908
3464
4056
2494
1646
4627
306
3516
2281
9954
5835
389
6887
6884
4449
139
6667
1055
5286
8682
1799
8224
738
4534
3262
1360
9052
5746
3414
4520
1477
2354
3760
8742
1237
3139
4986
2192
9722
6217
5828
872
1902
7802
3267
4449
3960
2490
7219
5649
502
8965
7760
8856
3706
2164
4198
8672
2578
4698
7255
3461
5581
3070
1085
3558
2010
2543
6209
9165
3891
3411
4107
1452
6971
7024
5003
1896
1507
5998
4664
154
4211
2940
4519
1475
5863
6146
8606
2896
2759
1063
1817
287
4188
1333
9388
1201
5776
5162
138
961
5382
1120
9382
9699
5210
2047
9
8144
2985
1168
2915
1025
9700
5093
1269
1162
6321
2424
7470
9898
4035
786
8532
8895
7195
2253
5989
1295
782
8284
335
7860
921
745
733
8264
3027
2463
467
3138
1218
489
1004
2127
6337
8282
8705
2324
2192
4463
733
4643
8620
7106
2031
8045
3121
160
8864
6407
4749
2029
1862
7327
9702
6742
2360
2737
1215
6232
1762
3381
8727
2895
315
1963
9571
2658
3493
9322
1981
6637
2389
2277
4812
1630
1220
6448
2950
5829
5573
6513
2548
2117
1288
8922
2309
8944
3582
7814
2805
3074
3550
8098
9423
1004
119
3678
9857
6740
9335
3076
3887
5307
4316
2584
5914
6032
9273
2144
9059
4787
1563
7927
1291
4332
1149
2156
4556
7469
4376
5600
9677
6613
1455
5840
6914
2183
2042
7824
3731
6346
368
5529
270
514
9051
2755
6847
7583
7031
5895
3519
3476
172
5438
1402
2827
5484
8638
885
583
8766
5607
1488
538
2604
648
1737
248
58
2360
1041
8427
7768
9649
8723
7048
410
1855
306
9155
2374
5018
866
7551
1550
7408
9386
1816
7070
2696
8200
8532
4200
1986
1205
1367
8398
4818
6891
5462
1568
7118
9412
7231
1447
3894
2693
3383
3937
6356
6763
8148
7454
7860
1492
7420
6506
677
2290
8349
188
5217
331
6318
7709
6298
7877
8453
670
2741
6768
75
8020
4875
2547
2606
4517
3277
860
9974
3687
2905
5539
8634
4854
1019
6558
4403
8199
5653
4938
2304
5084
2577
5272
7084
4215
4742
5558
3981
8289
5994
9920
14
4285
4743
7463
7232
7129
6609
6065
956
9909
22
3728
3677
1432
2119
5847
1804
4911
5687
3771
1931
6278
4945
711
8725
988
8159
7154
8502
8866
8248
132
5959
4821
1545
8951
9389
8172
5416
843
5219
2436
3636
7277
3013
10
2577
3304
4911
40
1539
7468
5540
4260
6281
8494
5587
3189
7564
576
9863
3208
8664
5347
2270
9202
6442
7883
7421
2502
7786
9122
8098
3450
4315
4367
3674
3221
2065
872
7156
2107
8610
789
1509
3788
8800
5703
1229
8330
3078
8121
4282
1930
7425
438
5292
2125
6305
139
8040
6479
64
62
5841
8559
34
4800
2756
1361
4046
9119
2259
1984
1404
4575
9349
2824
207
5273
8427
6275
533
8788
8038
6081
5740
1668
2279
3406
4343
5984
5255
7967
2386
1448
4984
7421
3410
3383
5723
1765
7472
8309
4852
8431
136
7440
5868
6366
301
5373
3637
4775
2096
5961
243
3749
5840
3301
8008
748
9476
7921
1440
797
3143
9063
2975
3114
1698
1004
872
7739
5089
2867
1551
2559
4127
8547
3473
2615
1603
1097
835
9471
2879
8033
1144
8990
6518
993
935
1441
9727
4534
9036
3075
1751
1780
9246
8303
5099
1864
9329
1321
6198
2448
2653
3370
2872
3133
7406
1274
7656
8936
4909
51
9868
9475
9983
4596
6518
4561
1501
7891
528
4952
6084
1639
1420
9238
6909
772
149
5170
5056
1592
2826
8100
3204
6678
508
9752
5738
6321
8566
7839
9963
2395
4684
8071
5439
7630
3911
6284
1056
395
1952
1614
3454
6530
3611
9701
1061
6193
6327
1746
7611
832
787
5032
1934
4492
3043
4731
2141
2162
9922
920
9318
1967
9130
6613
7952
5590
7794
5370
8474
1601
4247
272
4852
7595
815
1129
8780
9822
4986
193
6620
56
6921
3683
9553
2868
2196
7711
5888
5782
1110
3754
8276
9351
9644
9510
6331
8546
2750
2420
3537
9277
9533
4455
9581
5116
9310
1179
8059
7570
4885
9654
4538
7322
1861
5885
3223
8518
6023
4410
777
9061
2538
541
3054
250
7306
3409
2214
4235
7156
6033
783
6311
7336
6538
7008
6411
864
8898
8875
7703
2193
2585
4956
8348
1727
399
9319
505
2757
5559
1745
6455
5637
714
157
9953
605
9343
74
200
411
7897
1195
710
4595
6673
2103
4769
1038
8566
418
8067
7717
7523
5996
1431
9198
5680
7896
8550
5270
731
6560
2851
7328
7864
8695
9940
2669
7814
9983
4419
5708
469
9437
2835
2884
5557
2665
2214
1952
320
8330
9934
6906
778
4145
8067
2443
9880
6532
3653
1073
48
3055
179
3858
9743
838
2971
1265
944
2078
1906
1727
2059
4924
934
8419
2733
2094
2274
5677
5063
233
1394
2615
9209
5955
5720
6189
2544
6482
8542
623
1405
4660
3565
6964
3800
9665
7997
7106
8629
4861
878
3707
8982
754
5607
4825
2753
3854
9981
3614
2323
7433
1190
5109
8517
6346
1662
653
142
2682
4457
711
4314
409
2410
9406
9946
7471
788
7239
1307
1366
9359
9609
3403
4774
5342
366
3481
4241
6334
5418
8557
5985
417
6524
9416
7534
3596
9843
4381
7588
8829
1074
7760
6628
4850
503
3949
3002
7766
1657
8268
8527
269
9488
5492
5744
5442
713
1630
7919
3838
1770
9916
88
2524
9171
1465
103
6267
8790
5586
4568
1444
6088
5110
8015
4988
2296
6810
2521
2172
9455
3808
578
1871
3353
4040
4408
7404
8947
8919
9616
3733
1605
9480
7000
8847
7235
9233
7469
4851
3550
6551
1742
8900
9232
4740
2096
3970
3384
9223
7668
670
5442
1069
4582
7327
539
304
727
6772
19
381
4124
8763
3188
7257
6584
5842
2307
6134
3112
4332
8436
4227
910
3990
2467
8338
2001
3370
3392
7743
371
9508
762
5437
3202
2371
5871
9698
3875
2514
6290
7126
140
7640
4735
184
8992
2316
8924
6130
8881
125
4320
5262
3089
9090
1320
905
5385
1805
199
9687
702
53
2270
6679
7472
5940
7964
7336
9477
414
296
8044
8118
6115
1021
2124
8056
4967
2421
957
3918
7456
7561
465
8509
8927
4264
7985
1040
6627
9942
8233
9021
1562
390
6804
183
8474
6459
2490
9605
6911
3676
5335
9652
373
615
9406
4056
7305
2151
8429
5737
1979
8312
339
6619
3351
4410
1200
3358
1156
8084
1788
1064
2875
1260
6667
8031
3612
2020
4126
8316
8031
8247
7277
3628
6407
7572
4213
2024
9035
5497
6908
4680
6391
4980
9549
3316
2864
2279
9952
4027
2983
5578
152
7319
720
2885
4900
5008
7572
798
8142
6112
452
464
7160
72
7870
6973
3961
7905
3909
1092
834
3925
3820
9766
5221
6478
4787
262
6952
335
5669
4400
5590
258
6945
684
6215
706
4232
1042
7362
5483
3207
1423
7120
6302
8229
457
5762
2393
9102
1136
5189
6710
7202
5894
5877
435
7096
928
992
5170
1511
7549
4525
8802
5750
7479
5869
317
4513
8183
1536
2595
7679
2398
7067
2472
6915
7921
5353
2633
1376
3540
9967
7413
2672
4843
2501
3193
118
8717
5873
1484
9843
9050
7542
2781
9222
7966
6893
9098
2535
2518
7346
2834
374
9299
2995
9868
2095
4748
3701
2218
2609
8089
9544
4937
639
1886
7467
7514
6535
5476
4242
5062
433
6718
7687
9548
9034
4250
1168
7903
2226
4295
8400
3567
2914
9910
8671
4308
674
5652
3166
3954
7034
9206
7766
9321
4711
550
8385
5373
6913
3230
6524
54
7323
3858
4938
136
7514
8611
1116
7653
5177
320
5232
8609
4812
9424
3944
2743
6596
830
5805
9867
2307
8724
2867
671
2768
5388
8718
2426
6941
5874
6453
7909
6055
333
3431
328
9342
2432
6939
7637
22
5660
844
5458
7932
3209
9205
3885
1469
4276
3369
1195
2900
5883
8086
9154
6962
7511
2699
3544
4659
1945
1079
1212
8142
4264
4228
4051
1549
7274
7685
7205
6895
9169
4091
1897
9258
8504
2622
5886
9477
1006
9002
5628
8404
1794
7208
3306
7109
3520
7647
5585
3227
7386
762
9841
9368
4795
859
2755
6289
9336
176
1311
9133
7960
1830
8318
5358
7189
6748
8658
5235
1523
5545
69
6301
4977
2864
4495
2832
8270
8882
1852
3692
5550
6404
6510
5949
9325
5475
1567
6368
9459
4550
4969
1576
168
5076
8169
6223
4090
837
7713
4864
2892
5533
3406
6421
4129
2694
4153
9724
5946
5884
9329
6688
4429
9455
2297
6677
1815
5461
2062
4179
1426
1487
8797
567
490
1773
5810
1430
3132
8531
4163
8756
3201
8430
5438
6485
9818
5954
4849
4881
3452
2294
2521
733
9422
1907
1116
775
4480
2360
3338
4466
2590
513
9009
6723
3573
1257
4817
5675
5654
1246
1953
503
8793
5092
719
3796
7251
1373
909
1367
7019
1447
9610
6700
7801
7366
1406
6204
560
4644
5402
9861
8783
630
9119
8325
6162
8097
5215
8774
398
941
7857
7969
9804
1608
248
3548
1813
2062
566
3750
2832
6376
5229
6116
7016
1682
8279
733
1553
7714
7478
883
2172
7989
3774
3459
489
3788
1778
2895
748
120
1484
4985
1859
5457
4241
8819
3527
3373
2116
8101
9170
1503
5994
4559
9152
9550
1374
9791
2745
3896
5238
4869
637
8215
7686
6181
7041
1218
2963
3629
4729
2903
811
9656
9910
3816
9362
6738
4290
2275
1152
9229
7034
950
4970
3795
940
675
5933
8621
448
5217
1875
2579
5628
8547
5631
2053
2866
2972
6443
7850
3309
8419
8340
8822
1628
8020
8724
3393
8942
743
7168
678
3983
8533
4435
5178
6514
3608
2795
2894
4767
7858
8723
1589
4302
1233
753
2602
6037
1329
9104
8620
3791
3571
7713
2523
1246
1869
2957
6152
1426
4065
6958
4728
5834
2226
5887
9642
7418
7445
2864
5321
8526
4933
9103
131
5694
4601
6260
3627
114
2730
4284
8588
6424
6879
9864
607
1251
3323
838
8575
5863
3610
2912
7931
9427
9703
7268
1547
9837
1826
2645
4583
1108
9249
8319
8789
6242
292
960
9665
2448
3309
4533
2754
3327
4640
6867
3354
5156
7271
5896
1037
1012
8521
7488
2806
2625
2796
2972
7607
1827
9704
1472
864
2922
542
2588
498
9794
489
6493
8452
4184
3364
4389
9541
6797
6461
8089
851
265
5528
5337
9036
273
1254
8741
611
4316
3031
4909
4117
1619
4574
1514
316
5399
2709
8412
8851
2071
7921
100
7531
1954
5654
2067
8654
8233
2494
5729
851
9369
9606
1122
8722
7224
7578
327
1336
4413
6098
3137
8028
4853
6013
539
6130
8228
2109
4905
4256
3433
8626
3547
4880
6181
1564
4998
8758
9212
3435
357
8146
1821
2410
1660
3064
4543
6572
5966
4782
3852
148
2463
8645
9043
1371
9148
4700
4888
9262
4233
7777
9951
1958
5275
8281
1081
7709
2600
2563
1486
6061
2604
9032
2460
2075
6270
8453
622
7860
4977
5644
4592
1958
1375
7624
1874
1314
5235
1152
9884
8849
9478
5597
4034
7813
8253
5951
6359
2097
7968
3437
3142
459
8702
3004
2686
897
1791
5331
190
1610
9514
8428
9618
9071
3113
7276
141
2586
602
423
3208
8013
2935
718
8265
9397
1047
7610
8279
5201
6182
7102
7981
4494
4947
3832
2157
2565
1513
328
5383
1303
4561
6372
170
9351
1829
6731
6346
6937
4343
2345
4179
5290
6115
2330
7101
3232
5059
18
5824
1651
8770
4396
8906
9341
6003
4018
8783
3230
2403
6893
1280
6498
7932
5917
6815
1431
6427
8539
2097
4969
1156
6557
7605
4448
9748
6442
7941
6382
7288
7599
7307
5777
6476
8513
8998
2256
1062
7571
7036
8740
8949
3594
4833
1764
3044
543
7305
8101
2259
4837
3643
7825
3032
1437
2088
648
8241
6950
7290
6453
7565
4584
9295
531
2028
3299
440
2735
5989
1699
9645
9103
3783
9655
2100
515
6145
2466
4258
779
1125
113
7408
7194
3098
4095
1713
5978
3522
7334
1828
4367
3020
1174
9381
9632
6299
2187
1129
7427
8406
3418
7594
8488
4288
1115
7615
1178
6315
7102
3007
1649
6809
9511
7223
5307
7316
7612
7131
2220
8431
1729
106
9891
7452
6305
645
2656
447
3728
8064
2451
4306
7407
5658
3526
7067
1904
2250
6558
2699
6906
9914
5982
6776
7759
6025
3244
8941
2108
7244
8088
5024
9392
3620
2266
3653
7649
8262
4411
6545
1596
8422
7
2514
923
2405
7778
2397
6604
9822
6169
8343
303
7899
9818
472
7472
9693
4326
2365
8134
7516
9221
109
9163
2972
2347
5551
9918
7360
8330
8650
7349
8483
8376
7452
8886
9125
3427
9775
1080
482
3906
5289
7221
5370
7821
6563
3619
5980
6256
6508
3284
3364
2651
8638
7770
8935
1534
2674
5487
9628
3076
7264
2132
7470
845
3610
3256
6431
3425
3449
156
95
8673
2247
6324
1758
1584
7391
9056
46
6210
4194
1116
2300
6179
316
7061
1392
1771
1846
6541
7778
8705
2109
4977
9248
2318
1074
4729
430
6580
8579
5471
6397
5455
9691
5012
3055
7930
54
8991
8922
2980
5543
2231
4555
692
6829
1236
8701
8315
8259
1233
2777
7738
2119
36
2320
9940
9998
2736
3784
6933
2310
3787
1763
9778
1995
4956
7974
9539
8094
3752
5352
3135
3507
2125
6922
9543
8010
9614
2790
6965
4401
9216
2154
6854
2680
3812
9831
6934
6133
2679
1877
7147
1000
9750
5978
485
3601
8262
4555
1556
8737
8786
5649
9322
3871
1638
4448
8546
3980
9404
5764
6834
3896
3349
6157
9661
1159
7931
2332
2604
3598
9764
9422
5118
7459
7593
9001
6957
6244
6840
6325
1587
1190
1895
4605
9197
3553
2042
438
2143
3001
166
9903
344
433
6295
1593
3928
8603
1903
5016
1263
1043
9632
6619
2903
941
2204
7129
1892
2796
8571
7837
8635
6644
5997
579
2033
1234
3344
7523
7238
8091
3812
9358
3233
7762
1149
3526
5422
8046
4825
3251
8838
8251
9427
4691
6717
2688
5287
9602
1297
6193
4534
4666
5857
9973
4669
7644
9341
9499
5361
1056
7661
5945
141
154
6245
8005
8048
813
2999
1735
3681
4276
3497
2302
7796
1423
8008
5922
4737
299
1725
4971
8387
8949
1647
2496
1070
1744
1481
8226
5573
180
1406
778
6843
4026
1738
3344
328
566
3515
2830
574
2740
9488
8644
2125
7318
4081
2013
2500
508
7503
7730
1448
8309
5788
3053
714
3462
9358
129
1268
5065
6160
2184
5652
1815
4314
4333
2829
3688
5219
4779
9962
7930
7140
2789
1300
9441
238
9848
1174
3390
7343
8670
2078
8627
7761
8628
6999
3558
7187
9054
7398
9668
3772
7274
4497
1768
2957
8818
7430
9340
8822
9174
1419
3775
1788
5849
178
5879
410
1995
2944
9513
9429
4823
4605
2343
1205
8189
1214
4665
9728
611
1490
671
1321
2376
8122
6774
8889
249
3677
7705
3661
2359
2410
7146
385
9001
5119
2977
3754
238
3417
9620
794
8821
7629
2920
2224
5457
1463
4055
5054
4311
4273
4082
1743
4730
1927
7129
9416
7673
920
2760
4302
4358
2751
4020
9353
1787
6754
8103
824
8345
2251
3560
9013
593
182
2079
8314
2294
9274
1943
9012
9730
7979
4165
3206
6328
8127
3304
2385
202
1712
3969
9475
9948
7378
7781
9502
3816
6149
2416
1867
996
9756
1356
2206
1201
1103
2563
6668
5317
223
418
9066
6508
8040
6206
807
8378
5131
2107
8957
5316
109
7355
2068
7583
3578
9220
3880
7529
1406
5333
8524
3159
1365
441
7342
1774
5201
8141
6941
359
8845
3439
2153
9884
2464
3752
1033
3000
2627
6060
835
559
4438
7198
200
2168
3760
1001
9917
3732
6598
7293
433
5178
7630
119
6396
6273
6021
3604
4645
4162
957
7911
2359
700
4154
4137
2837
7066
9263
4016
8571
771
3461
1572
3383
592
988
8733
1751
531
7301
2529
5861
2149
8687
7101
4656
1488
5840
4769
3293
3759
3031
2609
478
9860
8592
5721
9330
6664
2199
546
7726
232
2976
4034
8057
1725
5142
9896
670
4396
595
760
5533
1152
2560
2740
723
2581
8445
1244
5020
4327
6659
950
4454
6634
1688
7890
6088
4331
323
2088
4402
9446
4752
1939
7591
5353
6758
6609
7432
9097
6759
1035
1571
7412
5160
8563
9276
6471
9122
892
7194
3025
8553
9294
1702
4823
6395
1049
7311
6281
3802
6954
3553
53
4829
6428
5047
3243
5956
8401
4415
9537
3115
5122
5790
6439
1985
738
3
9517
9129
2601
8576
8996
5008
3104
5718
2131
1632
1097
2432
6251
3461
3633
675
2061
5215
4136
420
6378
743
9440
1770
683
2949
8580
2470
4659
6417
4539
5905
9841
8456
749
7621
2298
5745
2485
8846
3558
2289
3255
2274
1658
2476
5253
1807
2775
6653
8253
7859
2192
4248
4069
2962
4801
1054
761
1748
478
4193
948
1597
1162
4136
4573
6945
7738
4532
3252
8439
9705
7524
8238
125
6365
4679
5117
765
9561
1393
227
3982
100
1951
1272
1998
826
5422
6506
4527
5986
8936
2821
8399
2800
6401
500
1628
6572
8561
4790
5160
1234
8003
548
666
3451
717
5633
2981
924
3185
6995
6796
430
7220
9138
8966
9454
6620
7215
335
8022
3856
4887
4783
9675
4218
4280
911
9272
7376
2194
217
4411
356
2945
1040
750
9128
9387
1664
8201
1750
7589
6774
1030
3007
8699
1731
6981
114
9775
5629
4337
2815
7586
1462
4003
828
7153
8193
2758
2873
9665
6435
3866
2719
1982
2551
7005
3566
3601
565
7255
5543
3760
5779
6196
151
5626
1467
839
3942
7635
6559
205
9262
4925
5227
6368
976
4152
9339
398
2067
4347
3341
8761
9198
2467
3431
175
2808
139
6748
7853
62
1053
8139
1136
149
3000
5432
220
6577
9731
6208
4577
4533
6624
6183
186
7068
1333
4372
3080
9863
2487
7615
6623
935
2999
1609
2974
750
1042
7821
7061
6769
6035
5110
8578
5777
5772
5890
989
763
1558
4581
2853
5084
7045
2209
6170
6856
5775
244
9836
3517
7742
946
7811
9508
435
1940
9025
872
222
241
310
330
6299
9341
2162
3235
6303
3952
8000
5211
1332
8616
9649
6954
9649
7265
8934
5758
2814
6371
4450
5405
3943
2797
8287
6299
5422
673
3936
7309
8998
2704
327
2447
4925
5943
3049
6611
7129
1274
14
5675
2134
2176
1565
9609
847
8623
7623
6228
4348
3562
4387
254
6794
4248
1306
3125
4097
9287
9763
9318
6098
5520
8210
6328
7088
9725
3309
6808
7121
7288
3088
1105
1460
1590
1649
9327
1685
8564
9750
6692
4990
9552
1861
682
2177
4155
1260
8841
1924
3422
547
5739
2123
6779
5118
8383
7916
1349
6999
2620
3631
275
4412
1958
6133
9040
2165
7509
7851
983
2889
7076
1455
1773
2769
4423
2306
4687
2605
8273
7086
2878
9542
532
5081
2344
7811
6522
1867
5017
1856
5189
7581
3522
8476
7426
9538
1944
9057
8979
9674
2016
2986
3276
7637
1818
2224
1566
7877
5787
7093
2211
1559
7152
8149
1081
3156
9696
5881
163
6114
5249
3134
9084
5600
1933
2598
5437
2242
7414
3022
9840
7658
2184
6047
8230
9528
6510
4552
7319
5923
3480
3148
1256
1112
5435
824
6050
6403
1321
4521
7456
7164
7331
4235
2920
6195
2653
9700
958
9678
1185
8434
2390
4178
4246
8146
5305
1377
1297
3299
2009
6420
7101
954
3672
2537
1079
168
294
2286
3021
8985
8058
7007
7945
3310
3203
2507
8905
5533
9391
7230
1457
4422
1275
9019
4274
6490
7676
2920
1324
5688
8318
8447
6530
6296
7531
5345
4365
7995
8254
142
9444
7362
360
1427
7930
4958
7091
5091
2761
1448
7638
6841
6126
1027
7960
6604
4420
8351
6184
3220
1430
3694
2348
4029
4959
6092
6872
1145
2500
875
6722
2251
4709
3340
5956
1697
591
2997
8561
9137
5765
1631
9644
1480
4481
271
7333
1534
149
8296
4245
6830
7847
5743
1484
4293
3357
1791
1705
4265
5156
1822
378
2764
7320
6208
9012
1184
3391
458
6709
13
1078
7561
9784
5138
8273
628
3866
281
9165
4799
5707
2093
9272
3938
9302
544
8771
442
9076
5592
630
1998
1789
473
789
5316
1361
442
3490
9589
4055
4961
2403
4622
6708
7295
7878
8089
2686
3956
3554
3627
8689
74
1327
7903
6194
8725
1561
7459
9234
1502
9681
8386
341
1580
4709
2850
1875
9348
2209
3550
7167
8626
1221
2726
7798
6761
1672
1253
8507
6615
3182
6148
7281
9469
3799
8174
3207
2189
2632
2788
6699
4932
9997
577
8840
2459
9215
6592
5394
8808
562
3021
500
7530
7859
7385
1944
7830
2192
1778
1159
8651
5688
3794
7073
621
6165
7271
3743
1696
6199
275
9190
4306
3427
8453
4143
8590
2219
7160
1030
7982
9264
2362
1935
3905
7653
2479
4000
8590
598
9463
5595
6168
4792
6366
7930
1506
4835
4162
3552
4341
1486
5530
4237
1839
7050
2805
2066
2862
6017
769
8326
7054
4880
7917
7864
3551
7555
9185
3095
2618
6048
1628
4654
4373
7527
958
147
7285
3144
7031
6275
5700
2102
832
9798
3540
3802
6409
6937
8338
9610
930
6635
9998
7516
9710
3639
747
3990
4277
4324
50
1864
3737
7994
5883
1468
5803
3830
5214
1356
511
7903
454
6661
221
5338
904
4619
5721
2043
2724
6382
2293
1277
9049
363
2518
1428
3341
533
132
1521
2045
2757
8774
1461
721
7504
6430
9514
5268
3896
6752
2318
691
4326
6105
7361
6452
6294
4717
4721
2825
7491
6801
3540
7461
9077
9259
1287
7662
7464
1959
2788
8019
1440
635
2184
784
7065
3965
4774
3984
7651
515
2982
371
334
6492
2803
2032
3618
8285
2964
1163
4643
1998
8984
9515
1779
3142
5623
3606
9448
2260
4966
8414
6479
736
3483
3680
2129
2369
387
6153
3670
2385
6785
1932
471
9454
103
9443
2776
529
9881
9362
2853
1028
4672
514
5212
1056
7501
4012
6156
4677
863
4691
1676
1406
1030
584
3520
1203
1401
7592
2695
5552
1893
5849
6600
8663
4742
7045
9646
4770
8171
6454
450
4331
869
9554
5816
3567
4033
1897
6108
5680
4791
2109
2223
6955
7313
8384
7068
2858
1599
5141
2400
3498
5434
3840
2826
5087
2633
6991
1503
6310
1185
1645
6304
6251
9343
1221
2496
5997
8523
3844
65
9039
2565
4178
8543
5376
8243
3074
4687
7021
6271
6663
9080
3381
1354
3961
7635
3598
1189
4153
3616
4134
1858
6018
5370
2893
8902
6657
5547
113
8322
2150
402
6889
8738
5434
6916
2182
9318
819
8832
7286
3903
3815
9800
8811
5948
7214
1757
6364
4869
9962
7115
9211
3783
8059
373
4263
6018
2494
2193
6898
6975
3750
39
4197
6599
1438
1622
8259
6688
2430
2504
1772
24
972
247
5379
8935
3700
4768
8386
8560
9643
5591
6187
7368
8129
4587
2130
6971
1925
9355
3786
2075
221
6905
8765
8170
1542
1102
7553
3322
6121
318
6967
8898
4607
5805
7893
6852
3702
4019
7494
1421
1140
2332
1696
909
6763
131
4935
1240
6398
3648
7424
9100
5011
543
1224
9747
585
2419
2150
5611
9212
3594
2191
5221
3911
8787
2073
1355
4905
2942
9889
1349
8956
2019
1585
3358
1905
6901
2876
5346
5616
312
3676
4186
4511
8273
574
828
7200
3405
6124
3997
4736
805
9596
9032
1869
5664
1158
7524
4104
5513
1836
4976
5851
1794
917
482
3373
8106
59
3473
3075
2587
4854
287
9753
5191
343
5179
1042
7748
9994
2342
7597
9893
1398
5269
2488
5372
4838
4486
3801
3485
9661
3206
1146
2964
5670
8706
8389
265
2346
2381
6065
5106
5254
1009
875
778
2427
8074
5560
4369
9031
9631
4570
3189
8181
5906
801
3775
6481
9258
2836
224
830
143
9649
3758
2107
1270
1585
4906
9507
2029
4591
6660
5620
6778
3722
1217
7090
7983
9689
6348
6653
8896
5375
5258
3361
4424
96
8130
1437
9513
2994
4109
2870
4162
4423
2106
1868
2070
2234
7942
8604
1115
760
8506
3144
1440
3249
9845
6357
7650
8926
923
3795
2129
1606
6750
3186
271
220
5388
4275
6968
699
4057
3372
2376
7861
2863
4113
122
1479
291
2303
2605
6626
6058
7002
1196
4582
9468
6154
8557
1487
7800
5073
5369
2260
1624
3968
1630
6510
4966
6011
6770
1478
606
8298
7865
7842
2278
7218
6793
8946
652
6099
2668
805
4431
50
1829
1953
4512
2474
919
7683
842
7087
2546
8212
4384
388
959
8093
7670
6877
6414
6572
6531
903
7981
503
1830
471
8572
2288
2102
1088
1744
5706
5662
2665
7013
5307
4409
1374
6455
7779
8074
117
5474
508
2847
9956
6680
2354
4006
6322
8515
6324
689
5579
8812
4075
7159
7912
9836
3179
7195
1198
1776
6457
8721
3365
1074
924
205
4508
5622
1366
2750
6427
5554
7604
8140
7482
5954
468
8638
240
5274
1255
5247
6782
7949
3975
8065
29
1774
4091
7330
7653
7910
7513
3967
5424
2389
795
2422
1902
380
3525
2288
4730
4842
2597
6399
1676
7445
4636
5924
3745
9547
6525
2917
9032
6186
4947
4045
6526
9005
3208
9988
5581
2328
8819
9760
5792
2758
481
3196
874
5888
3127
2728
2952
2209
7687
5377
3012
4088
8082
7154
1163
6542
1933
2491
5217
8585
9990
4290
788
2960
584
2120
1870
415
1342
317
6175
797
6789
5205
4346
4348
69
876
1006
7185
785
601
3097
9253
2285
544
6040
9355
1919
7770
1057
1715
3129
2152
3717
1262
3686
7830
80
1827
9843
7853
9187
1313
96
1675
8069
3926
5271
2167
9717
1648
1676
8143
9138
3346
9749
4004
1135
665
3868
8633
2337
880
2179
7912
4362
48
4616
3462
5532
4956
105
3208
4966
7628
8185
6373
627
4295
7908
8958
1891
5367
4783
156
2873
2744
6771
9608
119
8274
1500
8273
7671
4583
3213
8777
2060
4414
2887
1441
1912
6929
6169
9686
1791
4788
1785
1916
8971
6631
8180
6075
5090
462
4707
2102
7173
5327
7903
3587
4186
636
4246
3192
6812
1137
558
1651
1522
9040
2650
1966
5741
3611
5867
4752
5462
9122
3496
3159
1815
2542
80
2500
5016
8637
5151
1688
4974
7711
4256
7406
975
3024
7875
4904
6809
2055
7871
367
2211
958
2697
4085
1908
2371
5286
2798
5459
382
557
9342
7310
6212
1392
1380
2127
5019
9996
999
2044
5247
9663
3920
1806
1365
8331
6537
7540
7583
8760
2916
8345
2319
1998
4623
7059
6543
1538
678
7710
5135
4849
9177
2600
2256
2619
1088
558
4322
530
4365
9751
7561
1748
2913
9983
3941
1732
8993
4487
5009
3392
6986
2283
3164
1391
3715
1748
9271
5529
3874
2895
6143
8427
225
8733
9563
8058
8626
1965
9144
2680
497
2295
7475
4694
6633
8026
1382
3305
954
5961
2055
8496
4426
5600
8653
1892
2041
9358
8597
6416
329
8142
7444
7988
6125
4054
2989
8565
3457
3379
4438
7015
4812
6708
2086
5405
8721
7671
7745
1216
9948
5873
712
751
2315
7394
762
3622
9130
568
5135
4386
451
1491
6503
4867
2758
2505
1662
7715
9206
2122
7507
1510
7108
2854
4458
4579
9744
4334
8366
9970
4045
8201
7243
6166
3589
7672
427
2412
6749
1660
2702
3413
7737
1270
5904
7809
7619
863
678
5644
9192
9193
6313
6014
4963
6198
1926
9469
5503
5416
4773
7014
4631
9752
8345
6236
6416
5658
7095
432
5514
4513
6618
5729
6450
3951
5047
197
3212
8736
3868
3513
3663
2040
8398
3318
9265
2266
564
53
7653
7531
5310
7205
8097
5702
4986
9018
5893
9792
3639
23
6585
6607
939
4591
9479
3527
6755
57
889
1333
2106
738
7027
7327
6427
8087
8676
4956
2410
99
5850
3744
1744
4502
2452
8523
2405
8055
8507
4963
820
8171
1667
2718
1225
4279
2174
4900
3437
8354
9779
3924
6694
4990
3389
935
3720
2393
710
8226
1009
4399
8374
6336
9892
5810
3479
1823
3508
7916
443
809
6211
2036
1311
3222
6235
2864
4049
4960
5389
2394
9553
151
3209
3270
3780
3494
413
7411
655
6102
4177
1536
5970
4033
8994
9904
274
3738
3773
2497
3115
651
8047
650
5542
4095
7307
3907
1544
9809
2491
9657
5963
3716
5962
5298
8929
1013
7298
2797
7109
6510
162
8350
6309
7549
642
201
9709
3540
1881
2877
1029
4257
4143
451
8767
4145
671
7527
793
9233
5279
7798
5306
1157
3539
7352
954
9788
1982
4545
1986
9140
4251
2706
8455
1274
6012
3061
7505
7797
5248
5001
6689
6148
202
2522
3170
5012
5136
2101
4862
7766
6641
810
7188
4609
4954
3971
1673
7028
8267
8820
7742
2047
469
724
6704
7122
6935
1179
9925
1445
5562
4764
6757
1754
9817
2581
1479
1168
9941
4260
975
3626
4584
8397
4532
9040
6264
713
5366
1923
6767
3665
143
1654
8808
5083
6745
5148
364
2964
8241
9485
7711
7391
2059
8493
3396
6525
2503
7150
5832
7197
8818
9780
6701
2134
5263
9481
2261
1395
4935
2883
451
7294
2735
6147
3532
6720
3962
7392
67
3159
8110
2515
3622
825
5883
5763
2003
4889
57
1396
591
2360
6705
7340
4008
5469
1695
9334
3705
1928
5750
1995
5710
2563
677
381
7641
7594
665
7877
8772
9453
7427
1200
1192
2339
2907
3878
6286
81
9573
4108
2435
9452
8179
2170
7105
7563
2843
4830
5628
2641
7339
6098
5754
9737
4138
3740
103
7922
6096
1541
7719
1405
169
7341
7053
4693
277
669
316
7455
1492
6620
1084
1969
945
2118
1712
1144
7644
2265
1797
5957
1692
5714
4445
8184
6597
1208
1389
4479
6422
3607
1572
8752
3622
7264
9341
1670
6529
4879
4982
1465
9565
334
530
7201
9634
8712
8668
7419
1737
3535
9181
5325
2195
578
5232
2983
4846
3369
6244
9530
7508
4675
114
334
5620
2899
2159
3614
5429
7238
9060
9511
6392
9480
733
7922
5806
9928
1166
1165
9610
6137
4556
9680
1927
2410
9451
1086
6221
872
2612
9131
6608
97
8250
702
4538
4541
6653
823
2139
2153
910
5330
6814
6660
388
700
717
5726
3054
5637
9063
4861
7898
1751
897
9377
790
1319
1371
7195
2709
361
6213
7210
468
3512
2065
2550
7165
8454
8746
1552
5084
5601
1750
9001
5232
360
2552
5282
7764
428
1209
5636
687
5290
6040
561
824
2679
4255
6955
4718
1325
7432
1492
6376
7062
8736
7349
9544
1622
7035
1043
181
4414
968
7535
8665
1053
886
1452
3848
8074
2167
1686
3138
2304
3988
8098
3483
1577
9377
9296
8329
1150
3843
1480
9005
2589
4559
7732
1142
9229
5716
7146
9922
7726
3708
7822
3895
4116
7759
1845
7745
7446
4137
1836
6973
4129
2765
2266
7813
6291
1786
1731
4732
4453
5949
8319
5437
7672
1159
5322
8047
1203
7664
9437
1452
8907
3595
6557
7330
2981
2140
7747
5481
3128
8168
7740
2646
2055
2860
2562
7983
2509
5377
1834
1088
7945
8414
671
3406
2829
702
4575
2314
4033
8212
2868
5960
5965
9260
4966
2417
6567
2692
2432
966
1578
7547
9424
2118
1160
8920
466
513
3328
9054
2783
8829
5523
8367
6418
3001
5988
3135
11
273
9695
4090
2680
8065
1548
9880
5409
3037
355
6703
2850
6001
6657
1642
1438
548
5852
8058
1138
9810
6484
5034
584
2587
5947
7095
9886
2198
4182
7247
7286
9754
5652
4489
9487
1966
1246
6246
3076
110
2544
6694
7939
9201
4104
366
6704
138
3260
6008
4491
5404
4352
1612
9615
1265
7928
46
1853
8556
4619
2376
6585
9022
4233
9993
1426
6982
2526
1390
456
524
663
9344
5849
2608
9828
2478
3741
1822
1535
972
6883
9173
9485
4860
8779
8040
9506
2365
2309
293
1914
2865
6458
8916
4949
6419
3082
322
1954
4424
8405
5439
4959
8261
8414
2308
4384
8978
1133
2505
9854
846
5588
5350
6306
6931
2580
3753
1443
1659
464
2439
2555
4674
1058
7942
6641
8206
8253
8778
1811
7773
3380
6446
2241
3982
2217
582
5730
2483
3063
7827
3953
4916
8164
8823
3880
7752
6658
9049
1056
1392
4741
683
440
1540
1834
1642
9172
2258
7189
7030
9016
4404
9131
4947
341
9506
290
9294
3698
615
3781
468
7823
2168
3085
6832
4214
6099
1180
7779
3924
3028
2780
8601
9639
7742
5832
1529
5127
9640
6585
7646
9593
3365
5011
5540
5346
3689
9345
9892
8297
4313
3134
9076
945
8514
8037
8968
1189
5756
4684
830
2181
2192
8669
3817
560
3640
1237
619
9186
1111
656
9
2512
8713
8741
4330
7137
3387
845
16
1407
590
6570
8266
9358
9560
2694
2713
7789
6588
8538
2289
7915
5899
5712
146
2092
2907
5226
6200
5980
7127
8996
1392
1378
583
2567
8925
1081
9617
9936
8585
7851
9776
9601
4159
7359
5076
407
5129
5477
9002
1404
7749
8079
6398
893
5454
6690
4222
1646
3224
2237
6769
1484
2491
1674
2423
2643
5668
1875
7554
978
712
8790
4438
572
7147
5803
1757
3744
6705
4822
9487
5851
4306
6809
7328
1484
1027
9756
2345
8872
9218
7407
4347
6144
2514
1822
994
6880
9641
6934
2071
3081
1094
8328
8760
8961
822
8267
5996
25
1976
1031
9537
1743
5024
336
2025
133
506
4095
885
6418
2144
4727
8336
1288
6861
6582
8063
7094
1890
235
7735
6270
9544
5207
7471
3241
5816
4887
8344
4714
1672
9489
6731
9008
7239
7612
753
4240
7114
4389
153
8323
1464
5696
4133
604
6051
6427
7014
2396
3272
4009
7738
2553
1001
2814
3074
1324
3192
6822
1817
795
567
7451
4722
1479
4254
1383
3473
3190
4733
9958
381
9763
3682
1136
4068
8068
7421
933
6239
7500
7843
1513
504
7619
9984
1939
6922
2883
3823
721
8055
4932
6863
2350
4944
4746
878
950
1536
4509
9593
3065
1273
5978
8504
9055
164
8568
8964
2619
211
2717
5626
9795
1386
4674
7204
8015
8141
8724
9014
7023
1163
5773
5574
722
9372
8307
3423
8340
8758
6014
3048
2311
1382
5040
1601
2326
5838
6208
1021
342
1177
2887
919
1390
9895
5071
4654
1113
6405
6953
4338
2729
7708
2878
2372
4814
6062
6184
1401
9367
348
3666
1568
2008
4267
621
5684
6541
9736
7076
1827
5901
3002
9522
2288
2627
2471
7683
518
8713
234
1272
4110
7558
115
3327
2515
5978
3615
771
1364
871
9513
943
6746
8339
5105
6457
2202
1083
1900
941
9197
5737
1789
5894
8734
3625
5251
2293
2564
5705
386
987
6913
7791
6038
7881
4681
208
3941
7290
3063
3485
2549
2239
2525
6592
4079
4652
5803
824
2066
9553
8834
930
9722
3644
6297
2761
8530
668
911
4383
2007
5465
1762
5196
63
6514
1600
6437
9499
3799
3292
3329
6521
1161
5203
537
221
7374
943
2734
4128
3881
1563
9967
9529
2778
4217
9434
2300
6562
3569
6147
5248
2442
7482
868
5398
5652
3886
2708
3286
3953
2041
314
1580
6069
7266
275
4803
9624
2509
6499
1680
1342
3328
5976
19
5065
6005
4069
714
7406
3664
2574
8038
6949
3329
5855
6017
3701
5580
7234
4384
8704
3575
8145
1414
9002
2483
8856
714
2000
9663
2831
778
3031
9657
9495
7775
8946
3910
5346
386
7080
9445
2648
2688
2388
5599
535
1754
8287
2001
106
2416
140
893
6013
32
1218
5278
8432
5849
703
299
3467
564
331
9502
5697
5461
1851
1684
8504
2095
1447
5975
2760
982
2222
3787
3537
4905
713
1895
4354
319
7645
197
6903
2208
420
5195
8563
9720
6462
3818
6702
952
2772
5862
4401
6286
654
9047
4272
3542
8357
7280
5638
3552
5515
4431
4520
4692
1498
6356
2114
1572
6203
7493
7591
1345
6296
6897
1752
4080
1140
5588
6322
6013
1865
5162
5596
4001
1217
7223
9937
9361
3801
8663
9724
4343
4163
7265
6929
7269
3148
8833
164
2967
9166
1990
7572
536
2214
7401
6839
6760
2200
5248
7132
8444
8337
6178
1149
5670
3310
6172
8276
8343
4059
6083
5327
7842
127
3530
6935
2947
4614
3430
989
1840
4414
1632
5670
5343
9062
8844
5609
8904
1636
5640
7734
1708
9366
38
3098
1670
1228
7357
5856
4513
6324
621
2938
9082
9269
8738
32
4503
4064
3835
3416
8840
963
4171
8966
9949
5872
1247
1718
4969
9807
9410
2216
2357
1343
5758
2587
152
3170
979
270
3285
9770
1245
2147
6406
6446
8833
9972
6104
8882
8855
6442
5158
2358
2255
28
8234
3661
4221
3461
4418
5440
6871
6761
7712
2644
4705
937
884
1866
5974
133
9773
4486
970
9954
1470
418
9566
1533
4382
7364
2420
3710
8066
8813
1107
3519
6543
5427
5261
4847
1099
1793
5375
4738
947
2557
3368
9644
8643
5643
2782
9550
481
848
6238
6304
6474
7242
9890
7744
129
8094
3576
6266
5381
2305
3616
6824
2611
7851
4214
683
5564
7721
1010
8843
473
2355
588
9307
8747
8429
579
4721
9911
145
5839
245
6931
4108
261
5431
3834
568
9260
9798
5462
411
5246
8350
3871
9598
1585
7026
5518
3216
1367
27
6087
8060
8626
7935
2599
6984
7276
1797
8425
5647
3686
5464
8896
2738
2639
5210
7376
3498
5992
4635
7213
9073
1893
298
4681
5778
4694
3500
3672
30
7
5802
7287
6609
3797
943
4908
900
5059
3491
1615
1540
1579
8594
1737
5987
2184
417
7868
7581
5411
1281
8387
4301
3725
3124
3563
721
1517
2672
515
3819
9226
3634
3264
1386
300
1156
8164
2601
6542
3538
6463
2294
5366
5370
8135
4006
1096
947
3812
7191
9815
2111
4511
4934
6877
3843
1500
2434
2382
1750
917
4768
2824
312
7370
3296
2990
3270
8166
111
4149
3931
2419
7759
7086
4473
1312
2549
310
488
3410
5921
5546
9678
1657
2643
8991
2192
3637
9212
7200
2583
9225
4195
1641
887
9886
1385
6308
9388
9562
8751
6274
454
323
838
1133
918
7807
199
6731
8217
1790
9348
5141
5637
9210
238
9209
7234
2045
4729
2077
1659
8628
717
1413
4196
787
4991
4278
1790
6473
7743
4508
9914
6245
7043
8713
5434
7465
3908
8767
1566
1006
9494
7952
4589
2633
9518
5412
754
8492
176
9931
5641
5632
1319
451
4570
1441
8824
7116
1862
170
840
3018
4607
4883
4941
4459
7853
5144
7923
3562
62
7276
7601
1219
237
5166
1723
1447
1095
6139
7657
6035
5834
4516
279
7500
127
8449
5118
1854
1161
8629
7395
3637
3390
6164
1246
8123
8182
83
2094
2531
3186
9280
8588
4533
1998
3361
7085
5436
7626
3377
4028
9084
5413
5640
3015
1112
2779
9802
2552
643
5890
6979
5126
2469
6143
8641
7421
3504
1070
995
9100
292
9745
9856
2126
8144
5624
7083
9740
4233
7970
9990
5361
1824
499
7141
5005
271
2695
420
6253
6292
9654
9819
6283
9890
1001
3329
5842
3364
3036
975
7222
5731
8500
8774
4337
9114
7042
6739
3888
3432
776
2690
8640
3189
3548
3234
1795
5465
5531
455
567
5657
704
597
4249
9475
7125
8172
9173
4509
6313
2591
4802
3705
3074
5497
7788
2396
6821
6050
6561
126
5716
654
2833
8932
5495
1447
7295
1453
1806
8684
9053
1786
1926
8842
2471
6306
7466
8042
5455
1636
6700
2795
5785
3342
7044
3650
7031
829
5704
9279
4856
4614
9021
7217
1660
2693
845
7084
5483
8964
6457
811
4487
1775
3616
3553
9999
4197
465
4740
246
7329
5710
780
9715
9737
7778
9320
298
9607
772
6770
9771
9767
6876
9876
9753
7696
9813
8762
5934
230
9283
5002
8861
8911
3479
8114
3176
1237
3890
4225
2787
3756
6726
7353
3433
9492
9203
4451
573
3504
7584
9411
1299
3352
7560
5821
8192
7821
1720
1177
1056
3451
37
3587
5079
531
1091
3686
2250
8714
8228
7689
4302
972
541
2794
2145
7941
7968
1755
1752
722
8037
3099
6105
2947
2074
1942
5578
2067
6061
4031
6089
1099
567
8589
3565
1860
8971
1971
9229
4955
7759
4949
2464
4154
9819
4536
6660
1925
7280
5337
9715
9043
4203
881
5379
2094
7977
2055
4189
6251
4205
8646
9105
4381
2672
6192
1191
1543
8744
756
25
8722
556
5516
1391
830
167
2250
2315
4252
5836
692
2327
1371
2793
2509
1451
3073
8318
8598
9987
2381
7695
8581
3776
475
4712
9509
1278
6743
9441
2830
5078
8581
2947
8598
7189
880
6298
6152
5581
9234
1659
1317
3898
8500
5159
6584
8407
2438
5473
2013
6450
9281
9948
9013
6606
827
6072
1347
824
3579
7503
2603
5964
3533
9515
332
5176
7608
3099
843
5761
5454
5494
9330
2421
804
2831
553
7009
2708
1769
6900
7972
8127
7324
7356
6931
2854
7160
1443
9886
4986
4010
2258
1555
2386
1405
1013
4354
1134
99
7626
2225
1930
4644
9317
7873
3781
9206
1336
5312
5138
1630
9249
3696
3518
2518
2644
4151
1011
6639
6459
8361
1789
217
1755
1860
1612
785
7865
5706
9465
1465
2189
7172
7484
1902
7254
9444
3581
2327
4701
1436
2489
9433
286
3677
9639
1171
8917
1571
7420
9734
7221
1967
7164
6484
9903
8645
4722
2542
577
6664
2962
1542
5229
3938
1373
9388
4347
5544
5941
5943
2497
1868
9025
8882
5394
2725
5794
794
9061
1485
1239
1621
4249
9034
2175
581
6053
4815
6734
8124
228
6643
9873
6546
3520
386
9893
9173
3198
8259
1716
4609
8812
5930
2210
1936
6886
4863
3639
1844
974
95
5902
2339
7757
945
7470
3217
101
1643
8630
5540
362
8741
798
100
4385
2750
2539
2658
6102
4431
9652
4123
9348
5773
9315
1580
1233
5027
2718
1112
1400
6431
5271
4648
2123
7227
7120
4211
8024
9391
131
2750
5915
8037
4225
469
8453
93
5849
6730
9516
7347
5307
3853
7587
6381
5277
1822
4603
2905
7695
5567
2089
6823
4714
2333
5882
9394
2014
784
8037
7765
2460
4273
4288
3291
8225
556
4134
1544
9557
7606
9591
1206
434
6113
7552
8339
7609
4925
2860
4633
8353
9585
6411
5965
6641
202
2803
5405
8160
2035
2740
5459
8347
8422
4272
783
8759
6210
8683
1829
7672
1454
9407
3266
3601
5084
9347
9525
1485
9713
8797
5563
1293
2181
9974
1387
3890
9622
8045
7972
9454
5538
2510
7843
6486
8996
9892
7705
4139
2382
9900
4045
170
6537
8973
3390
8496
7896
3621
8956
1889
500
6597
263
2075
9779
7232
680
3575
1914
928
719
4912
9669
5498
2044
7079
3588
6563
7698
3333
1433
594
5816
8530
1071
5224
4498
3926
8013
4333
5712
7007
2619
2909
9750
7539
677
3187
2572
4310
3261
8772
2022
3133
8517
5936
9094
1828
814
3861
1920
4893
3131
7956
5903
2970
9833
2024
4886
6589
1843
3220
1706
3757
7968
1308
1486
5180
3344
3382
318
680
9800
7522
1169
6142
8042
1369
4553
8405
4777
9362
2444
2490
1883
8651
360
7976
1391
2933
370
5531
433
864
1680
6101
6699
9530
456
7616
895
6674
5544
6004
1459
49
2200
12
4379
9884
2349
5988
1677
6499
3327
2150
9505
3725
3612
1237
7032
5672
3214
4921
9471
5627
5979
8429
4452
5007
7021
9813
3848
5230
2705
7876
1957
8922
5603
7004
2769
2881
6474
5256
435
1167
2303
551
9686
6468
148
1945
141
7656
9363
1279
6518
6413
548
4942
6194
2100
9059
4628
1827
1762
9089
9854
3270
6404
8314
665
8627
9536
9288
5624
8227
8958
4630
3958
9058
6248
55
796
4053
7693
2279
9012
4846
972
8626
271
2381
2096
900
4501
169
2294
7585
7003
8399
6151
2022
730
4778
7874
3215
2477
4324
6857
3706
9290
6124
5743
6252
7221
1433
9824
803
7650
6830
2066
9052
554
7262
3211
6086
5295
3314
6163
8375
5891
4136
4283
9325
9286
8686
3694
6279
2703
7951
4311
453
285
1261
947
1725
9390
7665
9480
9600
6303
2255
8534
6268
1733
3341
589
4611
6924
3109
7712
2780
9054
2760
1081
2040
8006
9686
8876
6568
7461
2124
2160
6702
1333
557
2859
593
9741
7460
4558
3172
1972
5544
9761
313
1881
6913
9071
2914
9954
1578
5670
9416
7763
344
6520
9504
6450
58
309
5003
3881
9186
3709
6268
6411
3667
4096
4272
3915
1018
1576
9081
2313
1298
1210
5755
4414
2531
4889
4955
74
7083
8235
5268
7564
9520
1968
6428
9298
1188
960
3638
7825
8665
6420
2185
151
1495
5049
9778
9056
2333
5056
5797
9030
3220
6121
8298
3180
8538
6737
69
5324
6461
7993
150
2735
2870
4026
7811
6350
7401
2646
9059
6662
9418
7456
1164
9537
2978
3886
4190
6579
3650
909
1010
1714
7959
1047
6478
9066
1535
241
7882
1632
2891
7000
1176
3525
2309
685
6799
2525
2132
9421
6216
3728
1325
8134
205
3905
1068
391
2959
1102
1012
6440
1623
3383
4035
3082
8895
626
9145
5184
8929
1741
6955
1694
3824
4454
8003
9633
1287
2328
6218
1423
2895
2167
2521
2240
8916
7710
9516
6589
1594
1511
1480
9720
6524
8331
4607
8173
9749
1754
2785
1047
5730
7357
2181
3525
9176
8777
1145
5486
5618
919
3446
2099
9710
19
2167
2181
4425
6066
7787
6119
3976
5431
7609
4677
8280
4279
5780
4501
6072
4011
4895
4236
7254
8694
5666
4485
8374
2952
1182
9789
6122
8578
3934
2674
7343
7899
3214
2830
3076
8131
7216
7630
8513
6454
8509
4936
8677
1298
2761
1868
7728
3229
634
8090
1683
2161
2986
8180
8164
3241
4123
8245
38
2401
746
3219
7609
6856
6871
8753
7662
9257
6548
3080
4749
2443
4316
6584
5946
4582
5399
5081
2950
3975
27
102
6418
3750
6052
7692
2585
9109
1463
9023
2126
2907
8819
4350
6852
7746
5370
8680
4653
1614
9167
3280
2293
2768
3424
7101
5839
1673
6485
7796
4496
2323
281
234
8075
4572
2489
7716
9581
1524
1259
7218
8058
2969
497
1692
5319
9089
1966
5499
810
2489
3096
1275
9119
7227
5246
3663
9484
773
684
5910
6263
3079
701
2605
6951
3628
3488
3493
8856
2958
7054
9318
5491
7812
2763
2484
5020
9213
3707
7329
5502
7057
6535
1731
4964
5429
224
375
8298
6896
68
9702
2212
9788
542
8263
8092
9503
5954
806
4018
1850
3417
1507
8527
5009
10
1742
1866
9645
5899
8146
1151
5615
9558
1551
9005
2950
2590
5500
4607
2946
1348
4460
9133
1962
1157
7953
228
8667
1431
3215
8739
8145
4244
5202
3255
5563
1269
5026
6298
3418
2099
2694
1095
811
2410
9255
9409
1334
7600
9766
9956
9717
3108
6017
9420
1688
9386
3810
4069
2713
566
8664
3987
524
614
4906
9443
57
5749
3977
7122
7836
5198
8805
652
413
4446
8371
5479
6396
3229
5294
641
351
9645
9052
8296
3184
324
5970
6777
8352
9719
4570
1866
9169
8472
3123
1612
8658
1762
778
8747
635
8033
2312
6056
4540
728
1276
9353
2690
9549
9435
1103
346
1591
3253
1048
6008
2859
7658
1958
1882
4355
7196
4545
5768
6481
6518
5192
4959
563
8158
5645
9359
2775
3207
1058
3970
2656
5354
3230
3502
9353
933
3300
3084
5290
4389
4102
7385
9673
2865
5206
253
114
6118
9790
5211
1562
5914
369
2136
2512
2155
2352
1984
9846
5640
321
1829
1807
6835
7678
3625
1993
2693
2874
4302
652
4306
8409
4347
1699
1439
1328
2770
1739
5921
5434
6656
2730
1831
1005
1253
915
4891
4541
6293
694
3461
8799
8062
7164
6961
3329
6586
5076
82
4680
7623
6072
7095
3289
7126
8132
8460
6044
3857
9687
36
4910
768
8954
4486
2950
5726
8177
3494
5178
7735
7792
7445
4051
1572
2353
8587
6415
1883
4467
8164
2789
9025
6276
8457
3662
4689
1954
3169
5362
290
3518
5207
7248
1411
5762
8254
1267
4090
4117
1170
5601
1566
1868
5297
1157
2545
5635
6810
3232
6050
2589
3396
491
6834
6168
9106
1744
278
9941
1733
3434
6732
7431
3187
8778
9489
9705
1671
1931
2
1492
7209
4440
6242
209
4416
7181
7356
2684
8341
5676
1593
123
9161
289
35
8062
8601
8119
8635
4358
7249
9164
200
8570
4575
6962
9106
2824
8506
1208
9470
2169
3139
1465
7258
8360
3594
7331
6428
1044
2132
8475
4214
6004
1307
5599
7196
6139
1511
3435
2169
1261
9740
2368
8367
5952
7747
3794
8637
6486
1150
737
6390
2650
2102
971
544
120
6855
4335
3610
3971
5983
1957
2193
5729
7075
7356
4773
4761
1250
3940
8632
4961
8926
3150
183
465
4392
2401
5195
7548
7227
2446
7010
9615
2252
8390
6298
314
4080
4602
2334
1056
1007
6514
7012
3050
3399
178
1573
2928
1780
1483
6207
6330
8687
9758
6328
8708
2277
8743
4628
3889
5753
1943
8233
4385
588
9217
6225
326
5916
986
1151
2067
6091
8139
3350
9974
9682
664
1526
1512
4837
5206
1816
1730
2600
2425
8764
850
4178
6075
4288
4414
2673
5748
1012
2920
4655
1782
765
9795
8868
3864
3735
1413
3435
8422
8462
2302
1177
9095
3678
1560
1003
2623
6649
1310
1168
597
105
8306
4488
6023
4727
1818
6394
3437
9724
1355
9772
12
9093
6617
4670
1757
1644
910
8552
3485
37
4089
1142
7733
2198
1528
5872
1308
635
6249
9055
172
5320
525
9837
5810
6305
7054
9485
2730
1094
7699
7339
667
6355
2482
3684
7935
8791
7013
265
6118
35
8720
4224
5291
6374
1745
3884
7207
2438
5977
622
6260
33
970
2940
7188
2581
4866
5904
564
1437
7367
9300
571
4733
4563
4270
2120
1440
819
5174
875
3616
9530
4767
2465
613
7179
7253
3558
6689
950
9924
5959
3916
3906
2586
5814
8620
5485
382
8625
3256
7648
912
7684
2380
2135
3410
478
975
831
5960
3442
5747
6416
8508
3632
8909
8509
1509
1971
7830
8185
2409
7275
65
9309
5345
4638
5454
2936
732
6746
3102
8774
7974
1727
6184
4420
7786
1163
6667
2962
8614
6805
1829
297
9182
2382
8676
9984
5492
6885
731
186
454
5738
3927
9026
1096
2213
1155
7802
4
5048
5416
2848
2367
9090
1769
9970
1005
8773
2910
7763
6904
2315
1535
350
6381
7061
1379
8795
1352
2803
1769
480
4434
7787
3304
9546
263
9923
6994
620
5405
1793
9758
6614
3745
7926
1798
7290
6372
7126
3678
3195
7911
4156
6039
2311
2162
4155
4674
6775
6251
2599
8824
3620
581
1845
3882
7532
9351
9217
8517
4021
3839
2767
808
9762
5078
7524
9369
9747
1350
6485
3604
9090
4793
6576
9717
1867
1044
7674
265
395
1732
6440
8512
717
2056
2786
6470
1521
5407
2677
4466
3358
9139
1897
8366
5545
2646
2
1848
663
331
1866
6904
2687
8489
9423
1219
2339
3403
5304
3279
6304
8812
94
